1000101000000101
1000101000000101
1000101100000101
1000101100000101
1000101000000001
1000101000000001
1000101100000001
1000101100000001
1000101000000001
1000101000000001
1000101100000001
1000101100000001
1000101000000001
1000101000000001
1000101100000001
1000101100000001
1000101000000001
1000101000000001
1000101100000001
1000101100000001
1000101000000001
1000101000000001
1000101100000001
1000101100000001
1000101000000001
1000101000000001
1000101100000101
1000101100000101
1000101000000101
1000101000000101
1000101100000001
1000101100000001
