0000101100010101
1000100100010101
1000100110010101
1000100110010101
1000100100010001
1000100100010001
1000100110010001
1000100110010001
1000100100010001
1000100100010001
1000100110010001
1000100110010001
1000100100010001
1000100100010001
1000100110010001
1000100110010001
1000100100010001
1000100100010001
1000100110010001
1000100110010001
1000100100010001
1000100100010001
1000100110010001
1000100110010001
1000100100010001
1000100100010001
1000101110010101
1000101110010101
1000101100010101
1000101100010101
1000101110010101
1000101110010101