0001111101110100
0001111101110101
1001110111110101
1001110111110101
1001110101110001
1001110101110001
1001110111110001
1001110111110001
1001110101110001
1001110101110001
1001110111110001
1001110111110001
1001110101110001
1001110101110001
1001110111110001
1001110111110001
1001110101110001
1001110101110001
1001110111110001
1001110111110001
1001110101111001
1001110101111001
1001110111111001
1001110111111001
1001110101111001
1001110101111001
1001110111111001
1001110111111001
1001110101111001
1001110101111001
1001110111111001
1001110111111001
1001110101111001
1001110101111001
1001110111111001
1001110111111001
1001110101111001
1001110101111001
1001110111111001
1001110111111001
1001110101111001
1001110101111001
1001110111111001
1001110111111001
1001110101110001
1001110101110001
1001110111110001
1001110111110001
1001110101110001
1001110101110001
1001110111110001
1001110111110001
1001110101110001
1001110101110001
1001110111110001
1001110111110001
1001110101110001
1001110101110001
1001110111110001
1001110111110001
1001110101110001
1001110101110001
1001111111110101
1001111111110101