0100101000000100
0000101000000101
0000101000000101
0000101000000101
0000101000000101
0000101000000101
1000100000000101
1000100000000101
1000100000000101
1000100000000101
1000100000000101
1000100000000101
1000100000000101
1000100000000101
1000100000000101
1000100000000101
1000100000000101
1000100000000101
1000100000000101
1000100000000101
1000100000000101
1000100000000101
1000101000000101
1000101000000101
1000101000000101
1000101000000101
1000101000000101
1000101000000101
1000101000000101
1000101000000101
1000101000000101
1000101000000101