0000101000010101
0000101000010101
1000100010010101
1000100010010101
1000100000010001
1000100000010001
1000100010010001
1000100010010001
1000100000110001
1000100000110001
1000100010110001
1000100010110001
1000100001110001
1000100001110001
1000100011110001
1000100011110001
1000100001110001
1000100001110001
1000100011110001
1000100011110001
1000100101110001
1000100101110001
1000100111110001
1000100111110001
1000110001010001
1000110001010001
1000110011010001
1000110011010001
1001110101110001
1001110101110001
1001110111110001
1001110111110001
1001110101111001
1001110101111001
1001110111111001
1001110111111001
1000110001011001
1000110001011001
1000110011011001
1000110011011001
1000100101111001
1000100101111001
1000100111111001
1000100111111001
1000100001111001
1000100001111001
1000100011111001
1000100011111001
1000100001111001
1000100001111001
1000100011111001
1000100011111001
1000100000111001
1000100000111001
1000100010111001
1000100010111001
1000100000011001
1000100000011001
1000100010011001
1000100010011001
1000100000011001
1000100000011001
1000101010011101
1000101010011101