0000101000000100
0001101101110100
0001101101110100
0001101101110100
0001100111110100
0001100101110100
1001100111110100
1001100101110100
1001100111110100
1001100101110000
1001100111110000
1001100101110000
1001100111110000
1001100101110000
1001100111110000
1001100101110000
1001100111110000
1001100101110000
1001100111110100
1001100101110100
1001100111110100
1001100101110100
1001100111110100
1001101101110100
1001101111110100
1001101101110100
1001101101110100
1001101101110100
1001101101110100
1001101101110100
1001101101110100
1001101101110100