0001111101110100
0001111101110100
0001111101110100
0001111101110100
0001111101110100
0001111101110100
0001111101110100
0001111101110100
0001111101110100
0001111101110100
0001111101110100
0001111101110100
0001111101110100
0001111101110100
0001111101110100
0001111101110100
0001111101110100
0001111101110100
0001111101110100
0001111101110100
0001111111110100
0001111101110100
0001111111110100
0001111101110000
0001111111110000
0001111101110000
0001111111110000
0001111101110000
0001111111110000
0001111101110000
0001111111110100
0001111101110100