1001111101110101
1001111101110101
1001111111110101
1001111101110001
0001111111110001
0001111101110001
0001111111110001
0001111101110001
0001111111110001
0001111101110001
0001111111110101
0001111101110101
0001111111110101
0000101000100001
0000101010100001
0000101000100001
0000101010100001
0000101001000001
0000101011000001
0000101001000001
0000101011000001
0000101100000001
0000101110000001
0000101100000001
0000101110000001
0000111000000001
0000111010000001
0000111000000001
0000111010000001
0000111000000001
0000111010000101
0000111000000101