0000001000000101
0000001000000101
0000001000000101
0000001000000101
0000001000000101
0100001000000101
1010000000000101
1000000000000101
1000000000000101
1000000000000101
1000001000000101
1000001000000101
1000001000000101
1000001000000101
1000001000000101
1000001000000101
1000001000000101
1000001000000101
1000001000000101
1000001000000101
1000001000000101
1000001000000101
1000001000000101
1000001000000101
1000001000000101
1000001000000101
1000001000000101
1000001000000101
1000001000000101
1000001000000101
1000001000000101
1000001000000101