0001101101110100
0001111101110100
0001111101110100
0001111101110100
0001111111110100
1001110101110100
1001110111110100
1001110101110000
1001110111110000
1001110101110000
1001110111110000
1001110101110000
1001110111110000
1001110101111000
1001110111111000
1001110101111000
1001110111111000
1001110101111010
1001110111110010
1001110101110010
1001110111110010
1001110101110010
1001110111110010
1001110101110010
1001110111110010
1001110101110010
1001111111110110
1001111101110110
1001111111110110
1001111101110110
1001111101110100
1001101101110100