0000001010000101
1000001100000001
1000001110000001
1000011000000001
1000011010000001
1001001000000001
1001001010000001
1001001000001001
1001001010001001
1000011000001001
1000011010001001
1000001100001001
1000001110001001
1000001100000001
1000001110000001
1000011000000001
1000011010000011
1001001000000011
1001001010001101
1000001100001101
1000001110001001
1000001100001001
1000001110001001
1000001100001001
1000001110001001
1000001100001001
1000001110001001
1000001100001001
1000001110001001
1000001100001001
1000001110001001
1000001100001001