0000101000000100
0000101000000100
0000101000000100
0000101000000100
0000101000000100
0000101000000100
1000100000000100
1000100000000100
1000100000000100
1000100000000100
1000101000000100
1000101000000100
1000101000000100
1000101000000100
1000101000000100
1000101000000100
1000101000000100
1000101000000100
1000101000000100
1000101000000100
1000101000000100
1000101000000100
1000101000000100
1000101000000100
1000101000000100
1000101000000100
1000101000000100
1000101000000100
1000101000000100
1000101000000100
1000101000000100
1000101000000100