0001111101111111
0001111101110100
0001111101110100
0001111101110100
0001111111110100
1001110101110100
1001110111110100
1001110101110000
1001110111110000
1001110101110000
1001110111110000
1001110101110000
1001110111110000
1001110101110000
1001110111110000
1001110101110000
1001110111110000
1001110101110000
1001110111110000
1001110101110000
1001110111110000
1001110101110000
1001110111110000
1001110101110000
1001110111110000
1001110101110000
1001111111110100
1001111101110100
1001111111110100
1001111101110100
1001111101110100
1001101101110100