1000100100100101
1000100100100101
1000100110100101
1000100110100101
1000100100100001
1000100100100001
1000100110100001
1000100110100001
1000100100100001
1000100100100001
1000100110100001
1000100110100001
1000100100100001
1000100100100001
1000100110100001
1000100110100001
1000100100100001
1000100100100001
1000100110100001
1000100110100001
1000100100100001
1000100100100001
1000100110100001
1000100110100001
1000100100100001
1000100100100001
1000101110100101
1000101110100101
1000101100100101
1000101100100101
1000101110100101
1000101110100101