0001111101110101
0001111101110101
0001111111110101
0001111111110101
0001111101110101
0001111101110101
1001110111110101
1001110111110101
1001110101110001
1001110101110001
1001110111110001
1001110111110001
1001110101110001
1001110101110001
1001110111110001
1001110111110001
1001110101110001
1001110101110001
1001110111110001
1001110111110001
1001110101110001
1001110101110001
1001110111110001
1001110111110001
1001110101110001
1001110101110001
1001110111110001
1001110111110001
1001110101110001
1001110101110001
1001110111110001
1001110111110001
1001110101110001
1001110101110001
1001110111110001
1001110111110001
1001110101110001
1001110101110001
1001110111110001
1001110111110001
1001110101110001
1001110101110001
1001110111110001
1001110111110001
1001110101110001
1001110101110001
1001110111110001
1001110111110001
1001110101110001
1001110101110001
1001110111110001
1001110111110001
1001110101110001
1001110101110001
1001110111110001
1001110111110001
1001110101110001
1001110101110001
1001110111110001
1001110111110001
1001111101110101
1001111101110101
1001111111110101
1001101101110101