1001110101110101
1001110101110101
1001110110000101
1001110110000101
1000100100000001
1000100100000001
1000100110000001
1000100110000001
1000110100000001
1000110100000001
1000110110000001
1000110110000001
1001110100000001
1001110100000001
1001110110000001
1001110110000001
1001110101110001
1001110101110001
1001110111110001
1001110111110001
1001110101111001
1001110101111001
1001110111111001
1001110111111001
1001110101111001
1001110101111001
1001111111111101
1001111111111101
1001111101111101
1001111101111101
1001111111111101
1001101111111101