0001111101110101
0001111101110101
0001111111110101
0001111111110101
0001111101110001
0001111101110001
0001111111110001
0001111111110001
0001111101110001
0001111101110001
0001111111110001
0001111111110001
0001111101110001
0001111101110001
0001111111110001
0001111111110001
0001111101110001
0001111101110001
0001111111110001
0001111111110001
0001111101110001
0001111101110001
0001111111110001
0001111111110001
0001111101110001
0001111101110001
0001111111110001
0001111111110001
0001111101110001
0001111101110001
0001111111110001
0001111111110001
0001111101110001
0001111101110001
0001111111110001
0001111111110001
0001111101110001
0001111101110001
0001111111110001
0001111111110001
0001111101110001
0001111101110001
0001111111110001
0001111111110001
0001111101110001
0001111101110001
0001111111110001
0001111111110001
0001111101110001
0001111101110001
0001111111110001
0001111111110001
0001111101110001
0001111101110001
0001111111110001
0001111111110001
0001111101110001
0001111101110001
0001111111110001
0001111111110001
0001111101110101
0001111101110101
0001111111110101
0001111111110101