0001111101111101
0001111101111101
0001111111111101
0001111111111101
0001111101111101
0001111101111101
0001111111111001
0001111111111001
0001111101111001
0001111101111001
0001111111111001
0001111111111001
0001111101111001
0001111101111001
0001111111111001
0001111111111001
0001111101111001
0001111101111001
0001111111111001
0001111111111001
0001111101111001
0001111101111001
0001111111111001
0001111111111001
0001111101111001
0001111101111001
0001111111111001
0001111111111001
0001111101111001
0001111101111001
0001111111111001
0001111111111001
0001111101111001
0001111101111001
0001111111111001
0001111111111001
0001111101111001
0001111101111001
0001111111111001
0001111111111001
0001111101111001
0001111101111001
0001111111111001
0001111111111001
0001111101111001
0001111101111001
0001111111111001
0001111111111001
0001111101111001
0001111101111001
0001111111111001
0001111111111001
0001111101111001
0001111101111001
0001111111111001
0001111111111001
0001111101111001
0001111101111001
0001111111111001
0001111111111001
0001111101111101
0001111101111101
0001111111111101
0001111111111101