0000001000000100
0000001000000101
0000001000000101
0000001000000101
0100001000000101
0100001000000101
0010000000000101
0010000000000101
0000000000000101
0000000000000101
0000000000000101
0000000000000101
0000001000000101
0000001000000101
0000001000000101
0000001000000101
0000001000000101
0000001000000101
0000001000000101
0000001000000101
0000001000000101
0000001000000101
0000001000000101
0000001000000101
0000001000000101
0000001000000101
0000001000000101
0000001000000101
0000001000000101
0000001000000101
0000001000000101
0000001000000101