0001111111110101
1001110101110101
1001110111110101
1001110101110001
1001110111110001
1001110101110001
1001110111110001
1001110101110001
1001110111110001
1001110101111001
1001110111111001
1001110101111001
1001110111111001
1001110101110001
1001110111110001
1001110101110001
1001110111110011
1001110101110011
1001110111111011
1001110101111011
1001110111111101
1001110101111101
1001110111111101
1001110101111001
1001110111111001
1001110101111001
1001110111111001
1001110101111001
1001110111111001
1001110101111001
1001110111111001
1001110101111101