1000100100110101
1000100100110101
1000100110110101
1000100110110101
1000100100110001
1000100100110001
1000100110110001
1000100110110001
1000100100110001
1000100100110001
1000100110110001
1000100110110001
1000100100110001
1000100100110001
1000100110110001
1000100110110001
1000100100110001
1000100100110001
1000100110110001
1000100110110001
1000100100110001
1000100100110001
1000100110110001
1000100110110001
1000100100110001
1000100100110001
1000101110110101
1000101110110101
1000101100110101
1000101100110101
1000101110110101
1000101110110101