1101111101110100
1101111101110100
1101111111110100
1101111101110000
0101111111110000
0101111101110000
0101111111110000
0101111101110000
0101111111110000
0101111101110000
0101111111110100
0101111101110100
0101111111110100
0100101000100000
0100101010100000
0100101000100000
0100101010100000
0100101001000000
0100101011000000
0100101001000000
0100101011000000
0100101100000000
0100101110000000
0100101100000000
0100101110000000
0100111000000000
0100111010000000
0100111000000000
0100111010000000
0100111000000000
0100111010000100
0100111000000100